SampleIdent ____ DataFileName ______
DiffrType ______   GeneratorVoltage __   TubeCurrent __
Anode __    Alpha1  1.54060    Alpha2  1.54443    Ratio  0.50000
MonochromatorUsed __   DivergenceSlit _      ReceivingSlit ___ 
  10.023   0.026  89.987    MeasureDateTime 04/11/2024   10:43
    2129    2238    2125    2256    2249    2162    2176    2200    2185    2143
    2129    2231    2187    2165    2204    2209    2237    2179    2104    2249
    2165    2163    2185    2123    2174    2183    2136    2169    2178    2175
    2203    2177    2068    2134    2120    2117    2098    2138    2137    2148
    2178    2048    2146    2132    2064    2124    2081    2238    2066    2033
    2130    2136    2056    2026    2181    2128    2132    2004    2078    2095
    2063    2138    2108    2101    2065    2023    2077    2040    2113    2086
    2068    2010    2031    1986    2033    2056    2145    1923    2055    1970
    2005    1991    2018    2055    2093    1981    2036    2013    2019    2022
    2067    1996    1968    1972    1988    1994    1972    1970    1959    2075
    1881    1938    1878    1967    1952    1990    1968    1991    1981    1940
    2072    1892    2000    1984    1954    1892    1909    1836    1857    1948
    1934    1974    1857    1897    1898    1915    1867    1868    1908    1940
    1899    1888    1918    1918    1893    1840    1862    1772    1873    1945
    1858    1867    1876    1919    1865    1849    1830    1794    1913    1859
    1838    1833    1806    1882    1911    1886    1903    1816    1807    1801
    1881    1791    1807    1865    1803    1869    1902    1799    1816    1823
    1791    1857    1884    1829    1818    1850    1810    1815    1824    1868
    1827    1757    1846    1879    1784    1863    1773    1734    1845    1703
    1749    1796    1804    1789    1834    1757    1752    1840    1752    1747
    1786    1761    1760    1819    1790    1830    1889    1801    1786    1772
    1785    1790    1673    1776    1746    1823    1751    1795    1751    1836
    1716    1768    1714    1745    1704    1788    1770    1700    1756    1755
    1721    1753    1746    1712    1805    1712    1711    1714    1729    1729
    1668    1781    1706    1690    1766    1711    1733    1701    1682    1724
    1774    1729    1685    1713    1730    1758    1746    1717    1634    1666
    1746    1663    1710    1654    1720    1736    1714    1641    1661    1678
    1656    1643    1758    1693    1714    1673    1654    1699    1672    1636
    1720    1634    1671    1656    1628    1692    1690    1624    1681    1677
    1615    1710    1678    1703    1628    1752    1671    1702    1671    1633
    1731    1707    1656    1663    1668    1657    1742    1628    1618    1652
    1585    1687    1561    1720    1678    1730    1612    1612    1734    1596
    1675    1626    1709    1686    1641    1666    1648    1676    1647    1658
    1680    1662    1749    1718    1730    1583    1709    1614    1664    1651
    1709    1628    1662    1653    1676    1617    1662    1692    1691    1627
    1734    1669    1693    1605    1671    1653    1728    1675    1670    1691
    1691    1703    1668    1716    1673    1659    1672    1666    1717    1696
    1739    1687    1704    1672    1731    1655    1705    1676    1668    1720
    1773    1699    1761    1726    1708    1687    1755    1671    1673    1647
    1712    1724    1677    1735    1678    1721    1733    1723    1726    1663
    1750    1736    1818    1723    1717    1695    1779    1774    1683    1756
    1751    1788    1716    1737    1774    1707    1783    1711    1727    1708
    1687    1756    1637    1740    1705    1745    1812    1818    1737    1834
    1722    1725    1726    1674    1794    1761    1842    1805    1747    1781
    1780    1791    1831    1780    1742    1805    1778    1797    1839    1839
    1779    1803    1745    1879    1775    1863    1841    1757    1761    1780
    1840    1756    1816    1828    1911    1832    1819    1823    1858    1805
    1860    1861    1903    1877    1848    1905    1895    1864    1931    1860
    1872    1942    1886    1901    1852    1852    1897    1914    1817    1943
    1880    1960    1881    1914    1912    1841    1982    1876    1870    1958
    1868    1927    1973    1921    1908    1975    1982    2012    1911    1979
    2008    1904    1959    1888    1998    1926    1990    1934    1994    1947
    1963    1988    1961    1912    1951    2075    1913    1949    2012    1991
    1971    1986    2035    2005    1998    1988    2017    2031    1973    2134
    2021    2051    1972    2123    2077    2166    2063    2028    2113    2061
    2065    2095    2108    2070    2083    2123    2169    2138    2063    2021
    2123    2094    2132    2174    2090    2151    2144    2102    2017    2167
    2216    2123    2059    2199    2183    2113    2078    2197    2161    2160
    2205    2147    2156    2158    2161    2108    2227    2265    2090    2152
    2159    2149    2151    2298    2237    2231    2239    2210    2342    2261
    2264    2256    2212    2248    2221    2265    2265    2161    2221    2255
    2248    2283    2311    2273    2294    2331    2346    2235    2235    2243
    2372    2320    2379    2254    2290    2333    2316    2304    2386    2348
    2250    2376    2307    2282    2272    2340    2342    2189    2297    2364
    2262    2292    2340    2348    2298    2367    2340    2363    2336    2252
    2365    2334    2272    2425    2369    2352    2455    2378    2360    2363
    2343    2300    2389    2381    2425    2472    2394    2401    2389    2360
    2325    2362    2348    2419    2339    2378    2356    2362    2453    2367
    2392    2386    2418    2373    2377    2311    2331    2402    2455    2352
    2378    2443    2327    2468    2411    2397    2338    2411    2393    2361
    2415    2354    2496    2466    2510    2321    2482    2417    2299    2380
    2349    2415    2305    2391    2415    2441    2404    2433    2375    2410
    2265    2447    2357    2397    2267    2398    2369    2447    2327    2399
    2379    2414    2431    2366    2341    2452    2370    2418    2352    2378
    2420    2337    2364    2305    2440    2472    2407    2354    2375    2352
    2389    2376    2362    2362    2281    2412    2321    2465    2445    2449
    2395    2364    2384    2263    2420    2297    2419    2358    2340    2336
    2371    2326    2362    2317    2322    2297    2319    2323    2336    2371
    2353    2327    2368    2278    2370    2340    2244    2267    2349    2329
    2349    2251    2328    2258    2285    2267    2303    2227    2351    2293
    2288    2307    2282    2314    2240    2313    2282    2188    2245    2201
    2320    2357    2204    2286    2258    2288    2281    2279    2207    2158
    2248    2276    2267    2265    2214    2079    2211    2222    2262    2219
    2136    2239    2265    2215    2124    2129    2156    2316    2136    2136
    2123    2161    2105    2187    2214    2141    2190    2110    2125    2143
    2170    2084    2108    2173    2146    2095    2220    2094    2138    2170
    2196    2165    2190    2065    2049    2053    2101    2021    2068    2043
    2163    2024    2102    2134    2068    2025    2092    2106    2110    2058
    2037    2042    1975    1996    1982    2115    2087    2020    2081    2081
    2060    2084    2100    1975    2083    1990    2020    2085    2019    1983
    1972    1971    2005    1968    2068    1964    2022    1909    2062    1963
    2020    1956    1890    1966    1952    2002    1852    1911    2014    1976
    2040    1880    1864    1890    1928    1940    1919    1965    1954    2017
    1872    1886    1859    1988    1800    1951    1911    1873    1855    1909
    1840    1827    1837    1856    1838    1850    1818    1936    1865    1797
    1854    1842    1834    1861    1866    1890    1824    1800    1824    1751
    1772    1764    1850    1898    1716    1777    1861    1761    1718    1708
    1729    1788    1737    1780    1738    1761    1725    1747    1787    1716
    1727    1765    1740    1736    1667    1720    1718    1641    1717    1771
    1659    1713    1707    1649    1568    1659    1720    1687    1714    1632
    1768    1640    1689    1598    1723    1557    1549    1649    1571    1693
    1566    1632    1606    1633    1633    1618    1625    1591    1632    1565
    1592    1598    1506    1621    1529    1647    1519    1556    1555    1561
    1616    1586    1501    1546    1513    1566    1487    1624    1600    1540
    1566    1626    1576    1513    1588    1430    1534    1538    1482    1542
    1485    1509    1490    1442    1535    1503    1465    1492    1542    1467
    1485    1446    1461    1492    1511    1495    1505    1379    1466    1483
    1404    1512    1578    1465    1511    1463    1475    1425    1442    1419
    1534    1528    1427    1519    1396    1430    1493    1502    1465    1514
    1462    1396    1449    1516    1465    1395    1489    1435    1420    1486
    1410    1408    1462    1461    1427    1413    1436    1367    1404    1409
    1462    1427    1411    1397    1423    1402    1413    1458    1430    1417
    1369    1381    1452    1414    1421    1400    1422    1301    1346    1368
    1403    1411    1361    1393    1390    1353    1356    1399    1433    1385
    1355    1409    1376    1338    1391    1326    1460    1492    1328    1384
    1391    1323    1352    1417    1423    1323    1357    1359    1392    1392
    1392    1374    1388    1316    1384    1395    1365    1330    1366    1324
    1336    1395    1370    1393    1392    1397    1390    1396    1415    1435
    1425    1390    1317    1408    1322    1366    1443    1404    1363    1309
    1460    1335    1409    1411    1377    1403    1383    1333    1379    1378
    1351    1386    1407    1430    1376    1409    1366    1362    1407    1440
    1415    1324    1326    1331    1384    1373    1348    1449    1369    1382
    1386    1370    1367    1346    1415    1375    1342    1327    1357    1306
    1342    1353    1339    1391    1386    1322    1409    1324    1382    1393
    1394    1298    1415    1355    1318    1333    1363    1426    1397    1355
    1379    1345    1391    1384    1356    1350    1316    1375    1383    1335
    1374    1423    1247    1292    1420    1339    1350    1391    1385    1385
    1389    1283    1370    1323    1413    1432    1315    1337    1343    1378
    1351    1389    1369    1312    1396    1333    1353    1389    1380    1316
    1412    1340    1349    1336    1342    1313    1338    1374    1389    1354
    1354    1354    1326    1358    1324    1337    1329    1350    1382    1389
    1365    1346    1413    1301    1383    1405    1343    1342    1329    1360
    1317    1427    1373    1380    1326    1321    1322    1319    1359    1297
    1366    1347    1424    1425    1331    1390    1340    1407    1339    1374
    1318    1358    1336    1325    1329    1338    1414    1358    1378    1400
    1341    1335    1319    1373    1371    1327    1346    1411    1364    1391
    1399    1414    1398    1382    1366    1328    1299    1336    1378    1291
    1430    1368    1306    1379    1414    1344    1388    1395    1349    1391
    1383    1362    1334    1388    1345    1399    1342    1320    1329    1395
    1337    1390    1363    1407    1389    1402    1356    1278    1403    1409
    1392    1362    1386    1427    1422    1302    1336    1324    1376    1408
    1373    1295    1314    1384    1417    1407    1368    1280    1357    1354
    1457    1328    1396    1423    1373    1410    1375    1355    1340    1355
    1368    1380    1393    1359    1414    1325    1471    1372    1398    1375
    1427    1344    1424    1370    1324    1381    1328    1360    1362    1367
    1432    1354    1338    1349    1411    1395    1383    1368    1360    1365
    1354    1372    1410    1359    1387    1367    1338    1420    1410    1297
    1391    1304    1407    1379    1418    1321    1361    1323    1413    1391
    1339    1365    1407    1364    1382    1412    1342    1347    1424    1410
    1292    1362    1354    1342    1328    1387    1374    1379    1349    1373
    1357    1365    1428    1336    1378    1383    1359    1410    1371    1376
    1437    1394    1365    1322    1344    1471    1359    1340    1412    1374
    1335    1294    1437    1402    1419    1333    1413    1325    1371    1468
    1405    1370    1378    1355    1413    1452    1455    1393    1397    1387
    1346    1383    1397    1432    1380    1468    1418    1384    1389    1395
    1377    1393    1382    1375    1396    1435    1388    1397    1335    1380
    1387    1315    1406    1418    1417    1409    1363    1397    1376    1434
    1327    1352    1359    1442    1397    1410    1391    1362    1386    1397
    1356    1377    1424    1384    1356    1391    1380    1381    1400    1394
    1344    1458    1404    1372    1402    1359    1461    1439    1381    1411
    1442    1358    1397    1421    1411    1357    1423    1364    1343    1487
    1349    1353    1394    1379    1382    1314    1416    1432    1375    1394
    1360    1389    1358    1372    1364    1376    1356    1458    1385    1417
    1440    1414    1346    1329    1392    1347    1392    1383    1408    1410
    1453    1420    1403    1431    1429    1448    1374    1407    1434    1402
    1433    1349    1399    1360    1414    1398    1434    1398    1466    1425
    1391    1367    1404    1389    1425    1405    1400    1435    1408    1422
    1426    1359    1413    1445    1452    1374    1440    1397    1421    1365
    1382    1421    1444    1323    1418    1394    1414    1399    1427    1461
    1333    1444    1402    1413    1471    1405    1399    1422    1378    1451
    1353    1423    1376    1417    1435    1423    1417    1360    1446    1505
    1429    1441    1375    1359    1410    1396    1379    1424    1452    1355
    1446    1447    1397    1429    1429    1301    1431    1421    1351    1364
    1451    1392    1405    1437    1385    1403    1371    1376    1388    1404
    1407    1385    1454    1432    1379    1357    1360    1402    1395    1422
    1381    1356    1392    1443    1374    1375    1409    1382    1388    1408
    1349    1413    1487    1363    1454    1343    1396    1384    1438    1383
    1271    1442    1377    1395    1368    1376    1383    1456    1399    1437
    1444    1391    1453    1374    1421    1348    1381    1399    1410    1450
    1412    1357    1471    1415    1411    1339    1429    1378    1441    1370
    1469    1363    1396    1415    1454    1435    1426    1327    1457    1376
    1400    1419    1374    1384    1465    1412    1385    1426    1423    1393
    1441    1365    1403    1408    1399    1358    1362    1401    1395    1416
    1391    1370    1432    1486    1366    1436    1428    1381    1447    1413
    1427    1380    1354    1320    1391    1402    1370    1383    1348    1418
    1381    1391    1379    1371    1412    1370    1368    1454    1391    1432
    1394    1382    1441    1445    1451    1402    1371    1479    1443    1355
    1386    1439    1343    1403    1346    1338    1355    1433    1366    1425
    1390    1383    1368    1416    1327    1404    1429    1344    1405    1404
    1381    1385    1333    1402    1396    1432    1385    1395    1379    1370
    1433    1404    1408    1384    1356    1392    1391    1361    1290    1362
    1337    1373    1329    1363    1308    1397    1404    1353    1429    1328
    1343    1397    1426    1401    1469    1424    1369    1330    1286    1435
    1380    1340    1378    1397    1409    1357    1339    1317    1335    1362
    1398    1392    1321    1358    1402    1314    1415    1377    1299    1393
    1331    1410    1335    1346    1370    1292    1305    1322    1359    1380
    1313    1326    1293    1292    1364    1312    1400    1318    1332    1289
    1345    1373    1318    1364    1316    1333    1351    1353    1345    1323
    1359    1290    1360    1386    1349    1283    1368    1373    1345    1317
    1355    1415    1316    1270    1299    1351    1275    1341    1357    1329
    1266    1313    1349    1373    1318    1309    1415    1288    1308    1295
    1375    1315    1286    1261    1338    1288    1352    1357    1305    1325
    1353    1257    1328    1285    1366    1262    1254    1322    1302    1333
    1316    1325    1303    1380    1285    1371    1323    1307    1336    1282
    1317    1307    1339    1313    1312    1232    1350    1297    1285    1294
    1331    1307    1338    1252    1242    1298    1268    1356    1238    1274
    1312    1270    1311    1292    1262    1310    1177    1316    1296    1285
    1233    1258    1268    1321    1254    1277    1211    1210    1304    1311
    1273    1250    1309    1252    1257    1325    1194    1318    1221    1294
    1289    1247    1217    1232    1284    1290    1234    1351    1278    1312
    1261    1202    1229    1275    1268    1260    1267    1236    1280    1228
    1229    1281    1249    1252    1206    1337    1237    1309    1194    1246
    1260    1219    1281    1250    1229    1257    1278    1235    1229    1181
    1322    1213    1250    1267    1196    1221    1204    1219    1213    1196
    1221    1323    1260    1253    1230    1232    1200    1256    1223    1245
    1158    1234    1219    1176    1260    1270    1276    1211    1208    1213
    1279    1253    1257    1273    1192    1229    1160    1262    1196    1166
    1211    1213    1162    1282    1114    1159    1199    1184    1208    1226
    1199    1191    1192    1189    1239    1221    1256    1214    1174    1175
    1187    1258    1220    1188    1173    1238    1236    1201    1164    1220
    1238    1245    1159    1112    1193    1167    1124    1224    1196    1197
    1162    1175    1197    1176    1262    1183    1176    1118    1177    1206
    1243    1169    1139    1140    1170    1174    1119    1195    1252    1231
    1087    1175    1146    1179    1146    1148    1188    1139    1206    1173
    1113    1138    1177    1145    1154    1115    1222    1191    1195    1239
    1219    1125    1169    1192    1185    1175    1160    1194    1184    1150
    1186    1139    1115    1133    1201    1126    1153    1173    1198    1172
    1138    1137    1123    1156    1187    1178    1153    1187    1126    1211
    1138    1179    1113    1150    1099    1138    1190    1170    1128    1154
    1099    1105    1144    1163    1147    1163    1120    1191    1071    1108
    1102    1152    1129    1123    1169    1161    1109    1136    1134    1112
    1155    1194    1117    1146    1113    1145    1121    1158    1112    1103
    1145    1080    1036    1172    1083    1181    1074    1179    1124    1115
    1080    1156    1127    1110    1094    1157    1103    1101    1149    1086
    1133    1126    1111    1061    1119    1075    1080    1115    1161    1098
    1112    1123    1094    1130    1090    1143    1019    1113    1090    1103
    1092    1157    1098    1150    1107    1106    1123    1061    1066    1130
    1149    1084    1094    1103    1045    1100    1036    1122    1122    1086
    1046    1089    1067    1117    1090    1124    1110    1138    1069    1056
    1120    1109    1141    1078    1045    1056    1130    1086    1079    1146
    1098    1111    1088    1054    1107    1046    1100    1109    1140    1056
    1108    1076     999    1132    1050    1037    1093    1068    1111    1079
    1092    1067    1052    1050    1077    1023    1070    1074    1047    1171
    1037    1067    1043    1111    1086    1071    1083    1096    1092    1035
    1056    1004    1148    1033    1047    1053    1073    1028    1064    1064
    1080    1094    1066    1125    1049    1047    1052    1007    1054    1054
    1070    1038    1044    1058    1084    1022    1062    1095    1042    1123
    1045    1072    1079     989    1066    1084    1025    1033    1015    1064
    1066    1087    1030    1109    1054    1091    1062    1087    1103    1070
    1087    1147    1083    1033    1069    1060    1072    1058    1076    1010
    1021    1133    1012    1044    1072    1060    1026    1041    1117    1028
    1030    1081    1061    1146    1072    1074    1074    1093    1065    1028
    1020    1000    1054    1057    1077    1031    1054    1032    1095    1006
     977    1003    1072    1025    1042    1066    1032    1065    1115    1054
    1004    1031    1099    1065    1030    1038    1094    1033    1036    1062
    1026    1050     996    1003    1051    1015    1018     993    1014    1086
    1076    1062    1041    1052    1011    1000    1042    1053    1052    1037
    1013    1056    1064    1007    1084     990     997    1018    1027    1051
    1075    1069    1029    1124    1001    1040    1009    1067    1058    1032
    1043    1014    1036     945    1023    1053    1013    1094    1004     971
    1049    1060    1021    1049    1037    1004    1087    1035    1032    1000
    1030    1022    1050    1046    1005    1055    1007    1065    1035    1038
    1002    1028     998    1048    1106    1037    1024     998    1080    1037
    1019    1057    1063    1021    1020    1031    1047    1030    1028    1060
    1014    1021    1019    1007    1036     990    1004    1022    1004    1029
     999    1023    1089    1011     973    1044    1053    1020     967    1017
     977    1052    1053    1030    1056     958    1030    1004    1072    1009
    1037    1059    1032    1045    1049     995     975    1018    1088    1031
    1027    1046    1055    1048    1021    1007    1062    1071    1072    1049
    1073    1075    1017    1064    1024    1015    1065    1032    1088    1046
    1017    1038    1028     999    1066    1075    1047    1032     994    1060
    1040    1053     996    1042    1004    1035    1047    1045    1040    1031
    1027    1060    1078    1030    1058    1036    1012    1043    1028     998
     986    1004    1066    1027    1072    1025    1024     962    1047    1052
     988    1036    1051     976    1098    1043    1038    1100    1096    1075
     932     977    1044    1057    1066     976    1030     999    1022    1013
    1041    1072    1035    1060    1003    1089    1040    1043     984    1061
     974    1037    1034    1057    1015    1036    1026    1055     987    1020
    1030    1021    1004    1015     982    1037    1022    1072    1019     976
    1074    1006    1087     965    1074    1095     995    1043     977    1006
    1060     992    1032    1062    1069    1045    1003    1015    1016    1002
    1062    1057    1049    1023    1023    1023    1011    1025    1054    1046
    1034    1071    1000     983    1017    1063    1013    1054    1028    1072
    1035    1065    1008    1071     998     991    1028    1100    1027    1028
    1006    1007    1044    1034    1055    1073    1063    1044    1007    1039
     995    1064    1015    1017    1062    1035    1015     966    1056    1001
     956     991    1021     987    1051    1086    1035    1020    1000    1063
    1043     998    1011    1016    1078    1051    1103     969    1012    1066
    1031    1011    1032    1025    1016     999     978    1028    1022    1043
    1001     961    1054    1016    1037     975     998     996    1023     995
    1060    1071     991    1030    1051    1074    1015    1054    1000    1030
    1064    1038     996    1008     973    1044     987     998    1040     994
    1113    1019    1083    1036    1076    1033    1045    1014    1077    1049
    1008    1002    1046    1031    1033    1073     994     951    1000    1079
    1024    1013    1022    1042    1030    1059     968    1027    1027    1016
    1071     995    1043    1039     991     999     991    1002     910     965
    1003    1078    1043     981    1021    1044    1014    1090    1057    1011
    1056    1072    1079    1025     996     974    1104     988    1086     978
    1051    1034     997    1052    1056    1098    1007     980    1030    1011
    1001     983    1000    1028    1041     971    1007    1001     999     999
     960    1093    1102    1040     963    1005    1073    1055    1008    1027
    1053    1091    1062    1014    1066    1020     997    1013     999    1051
    1008    1016     984    1089    1058    1026    1008    1008    1020    1008
     969    1014    1009     998    1012    1054     982    1034    1014     999
    1073    1051    1009     976     972    1035
